   0.0000000000000000     
   1.0000000000000000E-002
   2.0000000000000000E-002
   2.9999999999999999E-002
   4.0000000000000001E-002
   5.0000000000000003E-002
   6.0000000000000005E-002
   7.0000000000000007E-002
   8.0000000000000002E-002
   8.9999999999999997E-002
   9.9999999999999992E-002
  0.10999999999999999     
  0.11999999999999998     
  0.12999999999999998     
  0.13999999999999999     
  0.14999999999999999     
  0.16000000000000000     
  0.17000000000000001     
  0.18000000000000002     
  0.19000000000000003     
  0.20000000000000004     
