  -6.1232339957367663E-016
 -0.47139673682599825     
 -0.83146961230254568     
 -0.99518472667219682     
 -0.92387953251128641     
 -0.63439328416364471     
 -0.19509032201612886     
  0.29028467725446189     
  0.70710678118654846     
  0.95694033573220927     
  0.98078528040323010     
  0.77301045336273710     
  0.38268343236508984     
  -9.8017140329560631E-002
 -0.55557023301960229     
 -0.88192126434835516     
  -1.0000000000000000     
 -0.88192126434835483     
 -0.55557023301960184     
  -9.8017140329560909E-002
  0.38268343236509039     
  0.77301045336273744     
  0.98078528040323043     
  0.95694033573220882     
  0.70710678118654746     
  0.29028467725446211     
 -0.19509032201612861     
 -0.63439328416364549     
 -0.92387953251128674     
 -0.99518472667219682     
 -0.83146961230254524     
 -0.47139673682599764     
   0.0000000000000000     
  0.47139673682599764     
  0.83146961230254524     
  0.99518472667219682     
  0.92387953251128674     
  0.63439328416364549     
  0.19509032201612861     
 -0.29028467725446211     
 -0.70710678118654746     
 -0.95694033573220882     
 -0.98078528040323043     
 -0.77301045336273744     
 -0.38268343236509039     
   9.8017140329560909E-002
  0.55557023301960184     
  0.88192126434835483     
   1.0000000000000000     
  0.88192126434835516     
  0.55557023301960229     
   9.8017140329560631E-002
 -0.38268343236508984     
 -0.77301045336273710     
 -0.98078528040323010     
 -0.95694033573220927     
 -0.70710678118654846     
 -0.29028467725446189     
  0.19509032201612886     
  0.63439328416364471     
  0.92387953251128641     
  0.99518472667219682     
  0.83146961230254568     
  0.47139673682599825     
  -5.4625132596299417E-016
 -0.46672944240197839     
 -0.82323723990351039     
 -0.98533141254672985     
 -0.91473221040721420     
 -0.62811216253826219     
 -0.19315873466943437     
  0.28741057153907124     
  0.70010572394707771     
  0.94746567894278155     
  0.97107453505270314     
  0.76535688451756168     
  0.37889448749018789     
  -9.7046673593624427E-002
 -0.55006953764317057     
 -0.87318937064193569     
 -0.99009900990099009     
 -0.87318937064193536     
 -0.55006953764317001     
  -9.7046673593624636E-002
  0.37889448749018845     
  0.76535688451756190     
  0.97107453505270303     
  0.94746567894278089     
  0.70010572394707682     
  0.28741057153907157     
 -0.19315873466943420     
 -0.62811216253826296     
 -0.91473221040721475     
 -0.98533141254672962     
 -0.82323723990350994     
 -0.46672944240197789     
  -3.9201653686355811E-018
  0.46672944240197783     
  0.82323723990350994     
  0.98533141254672985     
  0.91473221040721464     
  0.62811216253826285     
  0.19315873466943415     
 -0.28741057153907135     
 -0.70010572394707682     
 -0.94746567894278111     
 -0.97107453505270336     
 -0.76535688451756212     
 -0.37889448749018834     
   9.7046673593624622E-002
  0.55006953764317013     
  0.87318937064193547     
  0.99009900990099009     
  0.87318937064193580     
  0.55006953764317046     
   9.7046673593624441E-002
 -0.37889448749018800     
 -0.76535688451756145     
 -0.97107453505270280     
 -0.94746567894278133     
 -0.70010572394707771     
 -0.28741057153907135     
  0.19315873466943437     
  0.62811216253826230     
  0.91473221040721431     
  0.98533141254672962     
  0.82323723990351039     
  0.46672944240197844     
  -4.9190790161452476E-016
 -0.46210835881384005     
 -0.81508637614208945     
 -0.97557565598686113     
 -0.90567545584872677     
 -0.62189323023590315     
 -0.19124627194993493     
  0.28456492231591207     
  0.69317398410601738     
  0.93808483063641734     
  0.96145993569574550     
  0.75777909358174411     
  0.37514305692097810     
  -9.6085815439232086E-002
 -0.54462330459719854     
 -0.86454393132864926     
 -0.98029604940692083     
 -0.86454393132864882     
 -0.54462330459719799     
  -9.6085815439232253E-002
  0.37514305692097855     
  0.75777909358174433     
  0.96145993569574573     
  0.93808483063641668     
  0.69317398410601649     
  0.28456492231591235     
 -0.19124627194993485     
 -0.62189323023590393     
 -0.90567545584872722     
 -0.97557565598686091     
 -0.81508637614208901     
 -0.46210835881383949     
  -7.0245969295592220E-018
  0.46210835881383949     
  0.81508637614208901     
  0.97557565598686113     
  0.90567545584872722     
  0.62189323023590382     
  0.19124627194993477     
 -0.28456492231591218     
 -0.69317398410601649     
 -0.93808483063641690     
 -0.96145993569574573     
 -0.75777909358174456     
 -0.37514305692097855     
   9.6085815439232225E-002
  0.54462330459719810     
  0.86454393132864904     
  0.98029604940692083     
  0.86454393132864904     
  0.54462330459719843     
   9.6085815439232142E-002
 -0.37514305692097810     
 -0.75777909358174389     
 -0.96145993569574550     
 -0.93808483063641712     
 -0.69317398410601738     
 -0.28456492231591224     
  0.19124627194993501     
  0.62189323023590326     
  0.90567545584872677     
  0.97557565598686091     
  0.81508637614208945     
  0.46210835881383994     
  -4.4689496453355132E-016
 -0.45753302852855454     
 -0.80701621400206891     
 -0.96591649107610011     
 -0.89670837212745225     
 -0.61573587152069609     
 -0.18935274450488604     
  0.28174744783753675     
  0.68631087535249236     
  0.92879686201625500     
  0.95194053039182747     
  0.75027633027895457     
  0.37142876922869117     
  -9.5134470731912946E-002
 -0.53923099465069180     
 -0.85598409042440515     
 -0.97059014792764442     
 -0.85598409042440482     
 -0.53923099465069135     
  -9.5134470731913001E-002
  0.37142876922869167     
  0.75027633027895480     
  0.95194053039182769     
  0.92879686201625422     
  0.68631087535249158     
  0.28174744783753702     
 -0.18935274450488604     
 -0.61573587152069698     
 -0.89670837212745280     
 -0.96591649107609989     
 -0.80701621400206847     
 -0.45753302852855399     
  -9.4846220532673685E-018
  0.45753302852855399     
  0.80701621400206847     
  0.96591649107610011     
  0.89670837212745269     
  0.61573587152069675     
  0.18935274450488593     
 -0.28174744783753686     
 -0.68631087535249169     
 -0.92879686201625455     
 -0.95194053039182769     
 -0.75027633027895502     
 -0.37142876922869161     
   9.5134470731913029E-002
  0.53923099465069135     
  0.85598409042440493     
  0.97059014792764442     
  0.85598409042440504     
  0.53923099465069158     
   9.5134470731912946E-002
 -0.37142876922869122     
 -0.75027633027895435     
 -0.95194053039182747     
 -0.92879686201625467     
 -0.68631087535249247     
 -0.28174744783753691     
  0.18935274450488615     
  0.61573587152069631     
  0.89670837212745236     
  0.96591649107609989     
  0.80701621400206891     
  0.45753302852855443     
  -4.0934582713873454E-016
 -0.45300299854312320     
 -0.79902595445749391     
 -0.95635296146148518     
 -0.88783007141331916     
 -0.60963947675316466     
 -0.18747796485632279     
  0.27895786914607601     
  0.67951571817078438     
  0.91960085348144038     
  0.94251537662557172     
  0.74284785176134116     
  0.36775125666207054     
  -9.4192545279121673E-002
 -0.53389207391157589     
 -0.84750900042020305     
 -0.96098034448281611     
 -0.84750900042020272     
 -0.53389207391157556     
  -9.4192545279121742E-002
  0.36775125666207092     
  0.74284785176134127     
  0.94251537662557172     
  0.91960085348143972     
  0.67951571817078371     
  0.27895786914607623     
 -0.18747796485632282     
 -0.60963947675316521     
 -0.88783007141331971     
 -0.95635296146148496     
 -0.79902595445749358     
 -0.45300299854312270     
  -1.1429227697184792E-017
  0.45300299854312265     
  0.79902595445749347     
  0.95635296146148518     
  0.88783007141331960     
  0.60963947675316510     
  0.18747796485632268     
 -0.27895786914607601     
 -0.67951571817078371     
 -0.91960085348143994     
 -0.94251537662557194     
 -0.74284785176134160     
 -0.36775125666207087     
   9.4192545279121700E-002
  0.53389207391157567     
  0.84750900042020283     
  0.96098034448281611     
  0.84750900042020294     
  0.53389207391157578     
   9.4192545279121742E-002
 -0.36775125666207059     
 -0.74284785176134083     
 -0.94251537662557150     
 -0.91960085348144016     
 -0.67951571817078438     
 -0.27895786914607623     
  0.18747796485632287     
  0.60963947675316477     
  0.88783007141331927     
  0.95635296146148496     
  0.79902595445749403     
  0.45300299854312315     
  -3.7780083539121525E-016
 -0.44851782033972593     
 -0.79111480639355836     
 -0.94688412025889623     
 -0.87903967466665256     
 -0.60360344232986596     
 -0.18562174738249776     
  0.27619591004561989     
  0.67278783977305390     
  0.91049589453607971     
  0.93318354121343738     
  0.73549292253598142     
  0.36411015511096090     
  -9.3259945820912599E-002
 -0.52860601377383742     
 -0.83911782219822095     
 -0.95146568760674866     
 -0.83911782219822062     
 -0.52860601377383709     
  -9.3259945820912585E-002
  0.36411015511096129     
  0.73549292253598153     
  0.93318354121343738     
  0.91049589453607904     
  0.67278783977305323     
  0.27619591004562005     
 -0.18562174738249779     
 -0.60360344232986662     
 -0.87903967466665311     
 -0.94688412025889612     
 -0.79111480639355791     
 -0.44851782033972548     
  -1.2957225365022432E-017
  0.44851782033972537     
  0.79111480639355791     
  0.94688412025889623     
  0.87903967466665300     
  0.60360344232986640     
  0.18562174738249770     
 -0.27619591004561989     
 -0.67278783977305323     
 -0.91049589453607926     
 -0.93318354121343761     
 -0.73549292253598186     
 -0.36411015511096123     
   9.3259945820912599E-002
  0.52860601377383720     
  0.83911782219822073     
  0.95146568760674866     
  0.83911782219822084     
  0.52860601377383731     
   9.3259945820912613E-002
 -0.36411015511096095     
 -0.73549292253598109     
 -0.93318354121343716     
 -0.91049589453607949     
 -0.67278783977305390     
 -0.27619591004562005     
  0.18562174738249784     
  0.60360344232986618     
  0.87903967466665267     
  0.94688412025889612     
  0.79111480639355836     
  0.44851782033972581     
  -3.5111322622816957E-016
 -0.44407704984131280     
 -0.78328198652827563     
 -0.93750902995930319     
 -0.87033631155114133     
 -0.59762717062362980     
 -0.18378390829950270     
  0.27346129707487121     
  0.66612657403272668     
  0.90148108369908875     
  0.92394410021132412     
  0.72821081439206070     
  0.36050510407025843     
  -9.2336580020705494E-002
 -0.52337229086518566     
 -0.83080972494873351     
 -0.94204523525420658     
 -0.83080972494873329     
 -0.52337229086518533     
  -9.2336580020705536E-002
  0.36050510407025876     
  0.72821081439206092     
  0.92394410021132434     
  0.90148108369908808     
  0.66612657403272602     
  0.27346129707487138     
 -0.18378390829950278     
 -0.59762717062363024     
 -0.87033631155114188     
 -0.93750902995930319     
 -0.78328198652827519     
 -0.44407704984131230     
  -1.4145655828527702E-017
  0.44407704984131224     
  0.78328198652827519     
  0.93750902995930319     
  0.87033631155114155     
  0.59762717062363024     
  0.18378390829950264     
 -0.27346129707487121     
 -0.66612657403272602     
 -0.90148108369908830     
 -0.92394410021132434     
 -0.72821081439206115     
 -0.36050510407025876     
   9.2336580020705467E-002
  0.52337229086518544     
  0.83080972494873329     
  0.94204523525420658     
  0.83080972494873351     
  0.52337229086518555     
   9.2336580020705619E-002
 -0.36050510407025843     
 -0.72821081439206048     
 -0.92394410021132412     
 -0.90148108369908853     
 -0.66612657403272668     
 -0.27346129707487138     
  0.18378390829950278     
  0.59762717062362980     
  0.87033631155114144     
  0.93750902995930319     
  0.78328198652827563     
  0.44407704984131263     
  -3.2837769549412600E-016
 -0.43968024736763639     
 -0.77552671933492634     
 -0.92822676233594370     
 -0.86171912034766462     
 -0.59171006992438580     
 -0.18196426564307194     
  0.27075375948007058     
  0.65953126141854124     
  0.89255552841493913     
  0.91479613882309341     
  0.72100080632877295     
  0.35693574660421612     
  -9.1422356456144105E-002
 -0.51819038699523334     
 -0.82258388608785493     
 -0.93271805470713520     
 -0.82258388608785460     
 -0.51819038699523301     
  -9.1422356456144022E-002
  0.35693574660421651     
  0.72100080632877317     
  0.91479613882309330     
  0.89255552841493868     
  0.65953126141854057     
  0.27075375948007063     
 -0.18196426564307203     
 -0.59171006992438646     
 -0.86171912034766507     
 -0.92822676233594359     
 -0.77552671933492590     
 -0.43968024736763595     
  -1.5055616461203350E-017
  0.43968024736763583     
  0.77552671933492590     
  0.92822676233594370     
  0.86171912034766485     
  0.59171006992438624     
  0.18196426564307194     
 -0.27075375948007047     
 -0.65953126141854057     
 -0.89255552841493868     
 -0.91479613882309363     
 -0.72100080632877339     
 -0.35693574660421645     
   9.1422356456144049E-002
  0.51819038699523312     
  0.82258388608785471     
  0.93271805470713520     
  0.82258388608785482     
  0.51819038699523323     
   9.1422356456144105E-002
 -0.35693574660421618     
 -0.72100080632877273     
 -0.91479613882309307     
 -0.89255552841493913     
 -0.65953126141854124     
 -0.27075375948007063     
  0.18196426564307203     
  0.59171006992438602     
  0.86171912034766462     
  0.92822676233594359     
  0.77552671933492634     
  0.43968024736763628     
  -3.0887602840899419E-016
 -0.43532697759171918     
 -0.76784823696527360     
 -0.91903639835241946     
 -0.85318724786897482     
 -0.58585155438058001     
 -0.18016263925056625     
  0.26807302918818871     
  0.65300124892924849     
  0.88371834496528656     
  0.90573875130999326     
  0.71386218448393368     
  0.35340172931110508     
  -9.0517184610043683E-002
 -0.51305978910419137     
 -0.81443949117609404     
 -0.92348322248231218     
 -0.81443949117609382     
 -0.51305978910419092     
  -9.0517184610043572E-002
  0.35340172931110542     
  0.71386218448393390     
  0.90573875130999337     
  0.88371834496528578     
  0.65300124892924793     
  0.26807302918818876     
 -0.18016263925056641     
 -0.58585155438058067     
 -0.85318724786897526     
 -0.91903639835241946     
 -0.76784823696527327     
 -0.43532697759171884     
  -1.5736324299244141E-017
  0.43532697759171862     
  0.76784823696527316     
  0.91903639835241946     
  0.85318724786897504     
  0.58585155438058045     
  0.18016263925056625     
 -0.26807302918818859     
 -0.65300124892924805     
 -0.88371834496528612     
 -0.90573875130999348     
 -0.71386218448393390     
 -0.35340172931110542     
   9.0517184610043600E-002
  0.51305978910419114     
  0.81443949117609382     
  0.92348322248231218     
  0.81443949117609404     
  0.51305978910419114     
   9.0517184610043683E-002
 -0.35340172931110508     
 -0.71386218448393346     
 -0.90573875130999315     
 -0.88371834496528623     
 -0.65300124892924860     
 -0.26807302918818887     
  0.18016263925056636     
  0.58585155438058023     
  0.85318724786897482     
  0.91903639835241946     
  0.76784823696527349     
  0.43532697759171907     
  -2.9203558086988477E-016
 -0.43101680949675159     
 -0.76024577917353819     
 -0.90993702807170229     
 -0.84473984937522262     
 -0.58005104394116835     
 -0.17837885074313484     
  0.26541884078038497     
  0.64653589002895895     
  0.87496865838147175     
  0.89677104090098325     
  0.70679424206330066     
  0.34990270228822284     
  -8.9620974861429406E-002
 -0.50797998921207055     
 -0.80637573383771688     
 -0.91433982423991300     
 -0.80637573383771655     
 -0.50797998921207033     
  -8.9620974861429295E-002
  0.34990270228822323     
  0.70679424206330077     
  0.89677104090098347     
  0.87496865838147120     
  0.64653589002895850     
  0.26541884078038486     
 -0.17837885074313506     
 -0.58005104394116902     
 -0.84473984937522295     
 -0.90993702807170229     
 -0.76024577917353775     
 -0.43101680949675120     
  -1.6227972239354332E-017
  0.43101680949675114     
  0.76024577917353775     
  0.90993702807170229     
  0.84473984937522284     
  0.58005104394116880     
  0.17837885074313489     
 -0.26541884078038486     
 -0.64653589002895850     
 -0.87496865838147131     
 -0.89677104090098347     
 -0.70679424206330088     
 -0.34990270228822318     
   8.9620974861429295E-002
  0.50797998921207033     
  0.80637573383771666     
  0.91433982423991300     
  0.80637573383771677     
  0.50797998921207055     
   8.9620974861429434E-002
 -0.34990270228822290     
 -0.70679424206330033     
 -0.89677104090098347     
 -0.87496865838147142     
 -0.64653589002895895     
 -0.26541884078038497     
  0.17837885074313500     
  0.58005104394116858     
  0.84473984937522273     
  0.90993702807170229     
  0.76024577917353797     
  0.43101680949675142     
  -2.7739746481253440E-016
 -0.42674931633341751     
 -0.75271859324112689     
 -0.90092775056604180     
 -0.83637608849031941     
 -0.57430796429818654     
 -0.17661272350805426     
  0.26279093146572757     
  0.64013454458312757     
  0.86630560235789278     
  0.88789211970394399     
  0.69979627927059462     
  0.34643831909725037     
  -8.8733638476662713E-002
 -0.50295048436838674     
 -0.79839181568090767     
 -0.90528695469298315     
 -0.79839181568090745     
 -0.50295048436838641     
  -8.8733638476662657E-002
  0.34643831909725065     
  0.69979627927059473     
  0.88789211970394399     
  0.86630560235789222     
  0.64013454458312713     
  0.26279093146572757     
 -0.17661272350805449     
 -0.57430796429818709     
 -0.83637608849031986     
 -0.90092775056604191     
 -0.75271859324112655     
 -0.42674931633341717     
  -1.6563759428247821E-017
  0.42674931633341706     
  0.75271859324112644     
  0.90092775056604180     
  0.83637608849031964     
  0.57430796429818698     
  0.17661272350805432     
 -0.26279093146572746     
 -0.64013454458312713     
 -0.86630560235789233     
 -0.88789211970394422     
 -0.69979627927059485     
 -0.34643831909725070     
   8.8733638476662602E-002
  0.50295048436838652     
  0.79839181568090745     
  0.90528695469298315     
  0.79839181568090767     
  0.50295048436838663     
   8.8733638476662824E-002
 -0.34643831909725042     
 -0.69979627927059429     
 -0.88789211970394399     
 -0.86630560235789245     
 -0.64013454458312757     
 -0.26279093146572768     
  0.17661272350805438     
  0.57430796429818665     
  0.83637608849031964     
  0.90092775056604191     
  0.75271859324112678     
  0.42674931633341739     
  -2.6459208166841690E-016
 -0.42252407557764105     
 -0.74526593390210571     
 -0.89200767382776414     
 -0.82809513711912808     
 -0.56862174682988753     
 -0.17486408268124184     
  0.26018904105517587     
  0.63379657879517581     
  0.85772831916623049     
  0.87910110861776602     
  0.69286760323821250     
  0.34300823672995084     
  -8.7855087600656093E-002
 -0.49797077660236316     
 -0.79048694621872062     
 -0.89632371751780504     
 -0.79048694621872018     
 -0.49797077660236277     
  -8.7855087600656051E-002
  0.34300823672995107     
  0.69286760323821250     
  0.87910110861776625     
  0.85772831916622982     
  0.63379657879517537     
  0.26018904105517576     
 -0.17486408268124196     
 -0.56862174682988809     
 -0.82809513711912830     
 -0.89200767382776402     
 -0.74526593390210527     
 -0.42252407557764055     
  -1.6771355631422414E-017
  0.42252407557764060     
  0.74526593390210527     
  0.89200767382776414     
  0.82809513711912830     
  0.56862174682988798     
  0.17486408268124190     
 -0.26018904105517576     
 -0.63379657879517537     
 -0.85772831916623005     
 -0.87910110861776625     
 -0.69286760323821273     
 -0.34300823672995118     
   8.7855087600655954E-002
  0.49797077660236294     
  0.79048694621872040     
  0.89632371751780504     
  0.79048694621872040     
  0.49797077660236300     
   8.7855087600656218E-002
 -0.34300823672995084     
 -0.69286760323821206     
 -0.87910110861776625     
 -0.85772831916623005     
 -0.63379657879517581     
 -0.26018904105517587     
  0.17486408268124184     
  0.56862174682988786     
  0.82809513711912808     
  0.89200767382776402     
  0.74526593390210549     
  0.42252407557764077     
  -2.5332023616158753E-016
 -0.41834066888875343     
 -0.73788706326941167     
 -0.88317591468095458     
 -0.81989617536547332     
 -0.56299182854444318     
 -0.17313275512994239     
  0.25761291193581770     
  0.62752136514373835     
  0.84923595957052489     
  0.87039713724531320     
  0.68600752795862618     
  0.33961211557420867     
  -8.6985235248174364E-002
 -0.49304037287362690     
 -0.78266034279081242     
 -0.88744922526515335     
 -0.78266034279081198     
 -0.49304037287362645     
  -8.6985235248174309E-002
  0.33961211557420901     
  0.68600752795862630     
  0.87039713724531320     
  0.84923595957052456     
  0.62752136514373791     
  0.25761291193581765     
 -0.17313275512994258     
 -0.56299182854444363     
 -0.81989617536547355     
 -0.88317591468095469     
 -0.73788706326941134     
 -0.41834066888875310     
  -1.6873976246196670E-017
  0.41834066888875299     
  0.73788706326941123     
  0.88317591468095458     
  0.81989617536547355     
  0.56299182854444363     
  0.17313275512994244     
 -0.25761291193581748     
 -0.62752136514373791     
 -0.84923595957052467     
 -0.87039713724531320     
 -0.68600752795862641     
 -0.33961211557420901     
   8.6985235248174225E-002
  0.49304037287362668     
  0.78266034279081220     
  0.88744922526515335     
  0.78266034279081220     
  0.49304037287362668     
   8.6985235248174475E-002
 -0.33961211557420878     
 -0.68600752795862607     
 -0.87039713724531320     
 -0.84923595957052478     
 -0.62752136514373835     
 -0.25761291193581776     
  0.17313275512994247     
  0.56299182854444341     
  0.81989617536547332     
  0.88317591468095469     
  0.73788706326941156     
  0.41834066888875332     
  -2.4333850095926068E-016
 -0.41419868206807270     
 -0.73058125076179370     
 -0.87443159869401443     
 -0.81177839145096364     
 -0.55741765202420113     
 -0.17141856943558650     
  0.25506228904536410     
  0.62130828232053303     
  0.84082768274309405     
  0.86177934380724086     
  0.67921537421646161     
  0.33624961938040465     
  -8.6123995295222119E-002
 -0.48815878502339294     
 -0.77491123048595290     
 -0.87866259927242907     
 -0.77491123048595256     
 -0.48815878502339249     
  -8.6123995295222064E-002
  0.33624961938040493     
  0.67921537421646161     
  0.86177934380724075     
  0.84082768274309361     
  0.62130828232053259     
  0.25506228904536404     
 -0.17141856943558667     
 -0.55741765202420157     
 -0.81177839145096409     
 -0.87443159869401454     
 -0.73058125076179337     
 -0.41419868206807237     
  -1.6891187839682665E-017
  0.41419868206807225     
  0.73058125076179325     
  0.87443159869401443     
  0.81177839145096387     
  0.55741765202420157     
  0.17141856943558662     
 -0.25506228904536388     
 -0.62130828232053259     
 -0.84082768274309383     
 -0.86177934380724086     
 -0.67921537421646183     
 -0.33624961938040498     
   8.6123995295221981E-002
  0.48815878502339272     
  0.77491123048595267     
  0.87866259927242907     
  0.77491123048595278     
  0.48815878502339272     
   8.6123995295222258E-002
 -0.33624961938040471     
 -0.67921537421646139     
 -0.86177934380724075     
 -0.84082768274309383     
 -0.62130828232053303     
 -0.25506228904536415     
  0.17141856943558656     
  0.55741765202420135     
  0.81177839145096387     
  0.87443159869401454     
  0.73058125076179359     
  0.41419868206807259     
  -2.3444782984398051E-016
 -0.41009770501789372     
 -0.72334777303147879     
 -0.86577386009308355     
 -0.80374098163461738     
 -0.55189866537049637     
 -0.16972135587681830     
  0.25253691984689519     
  0.61515671516884451     
  0.83250265618128116     
  0.85324687505667396     
  0.67249046952124913     
  0.33292041522812338     
  -8.5271282470516907E-002
 -0.48332552972613152     
 -0.76723884206529980     
 -0.86996296957666241     
 -0.76723884206529946     
 -0.48332552972613119     
  -8.5271282470516865E-002
  0.33292041522812366     
  0.67249046952124902     
  0.85324687505667396     
  0.83250265618128083     
  0.61515671516884407     
  0.25253691984689502     
 -0.16972135587681852     
 -0.55189866537049659     
 -0.80374098163461782     
 -0.86577386009308366     
 -0.72334777303147857     
 -0.41009770501789339     
  -1.6839525438433045E-017
  0.41009770501789328     
  0.72334777303147835     
  0.86577386009308355     
  0.80374098163461760     
  0.55189866537049659     
  0.16972135587681841     
 -0.25253691984689497     
 -0.61515671516884407     
 -0.83250265618128094     
 -0.85324687505667396     
 -0.67249046952124936     
 -0.33292041522812371     
   8.5271282470516740E-002
  0.48332552972613130     
  0.76723884206529958     
  0.86996296957666241     
  0.76723884206529969     
  0.48332552972613141     
   8.5271282470517060E-002
 -0.33292041522812343     
 -0.67249046952124880     
 -0.85324687505667396     
 -0.83250265618128105     
 -0.61515671516884451     
 -0.25253691984689514     
  0.16972135587681836     
  0.55189866537049637     
  0.80374098163461760     
  0.86577386009308366     
  0.72334777303147879     
  0.41009770501789350     
  -2.2648466176252533E-016
 -0.40603733170088491     
 -0.71618591389255315     
 -0.85720184167632041     
 -0.79578315013328471     
 -0.54643432214900622     
 -0.16804094641269141     
  0.25003655430385657     
  0.60906605462261842     
  0.82426005562503080     
  0.84479888619472676     
  0.66583214804084079     
  0.32962417349319151     
  -8.4427012347046540E-002
 -0.47854012844171445     
 -0.75964241788643572     
 -0.86134947482837865     
 -0.75964241788643505     
 -0.47854012844171401     
  -8.4427012347046457E-002
  0.32962417349319179     
  0.66583214804084079     
  0.84479888619472665     
  0.82426005562503057     
  0.60906605462261798     
  0.25003655430385646     
 -0.16804094641269160     
 -0.54643432214900656     
 -0.79578315013328504     
 -0.85720184167632052     
 -0.71618591389255304     
 -0.40603733170088468     
  -1.6732976581159380E-017
  0.40603733170088446     
  0.71618591389255293     
  0.85720184167632041     
  0.79578315013328493     
  0.54643432214900645     
  0.16804094641269152     
 -0.25003655430385635     
 -0.60906605462261798     
 -0.82426005562503057     
 -0.84479888619472676     
 -0.66583214804084101     
 -0.32962417349319184     
   8.4427012347046373E-002
  0.47854012844171423     
  0.75964241788643549     
  0.86134947482837865     
  0.75964241788643527     
  0.47854012844171423     
   8.4427012347046651E-002
 -0.32962417349319156     
 -0.66583214804084057     
 -0.84479888619472665     
 -0.82426005562503080     
 -0.60906605462261842     
 -0.25003655430385657     
  0.16804094641269143     
  0.54643432214900634     
  0.79578315013328482     
  0.85720184167632052     
  0.71618591389255326     
  0.40603733170088480     
  -2.1931394149467772E-016
 -0.40201716009988603     
 -0.70909496425005270     
 -0.84871469472903005     
 -0.78790410904285613     
 -0.54102408133564972     
 -0.16637717466603102     
  0.24756094485530356     
  0.60303569764615683     
  0.81609906497527807     
  0.83643454078685830     
  0.65923975053548578     
  0.32636056781504108     
  -8.3591101333709339E-002
 -0.47380210736803413     
 -0.75212120582815400     
 -0.85282126220631549     
 -0.75212120582815356     
 -0.47380210736803374     
  -8.3591101333709283E-002
  0.32636056781504141     
  0.65923975053548578     
  0.83643454078685808     
  0.81609906497527773     
  0.60303569764615639     
  0.24756094485530342     
 -0.16637717466603125     
 -0.54102408133565016     
 -0.78790410904285657     
 -0.84871469472903016     
 -0.70909496425005247     
 -0.40201716009988581     
  -1.6583369433145175E-017
  0.40201716009988558     
  0.70909496425005247     
  0.84871469472903005     
  0.78790410904285635     
  0.54102408133564994     
  0.16637717466603114     
 -0.24756094485530333     
 -0.60303569764615639     
 -0.81609906497527784     
 -0.83643454078685830     
 -0.65923975053548600     
 -0.32636056781504141     
   8.3591101333709172E-002
  0.47380210736803391     
  0.75212120582815378     
  0.85282126220631549     
  0.75212120582815378     
  0.47380210736803396     
   8.3591101333709478E-002
 -0.32636056781504119     
 -0.65923975053548556     
 -0.83643454078685808     
 -0.81609906497527795     
 -0.60303569764615683     
 -0.24756094485530358     
  0.16637717466603108     
  0.54102408133564994     
  0.78790410904285635     
  0.84871469472903016     
  0.70909496425005270     
  0.40201716009988592     
  -2.1282362043241673E-016
 -0.39803679217810495     
 -0.70207422202975522     
 -0.84031157893963382     
 -0.78010307826025360     
 -0.53566740726301953     
 -0.16472987590696142     
  0.24510984639138966     
  0.59706504717441278     
  0.80801887621314672     
  0.82815301068005753     
  0.65271262429256038     
  0.32312927506439709     
  -8.2763466667038973E-002
 -0.46911099739409323     
 -0.74467446121599401     
 -0.84437748733298568     
 -0.74467446121599379     
 -0.46911099739409279     
  -8.2763466667038890E-002
  0.32312927506439743     
  0.65271262429256016     
  0.82815301068005764     
  0.80801887621314628     
  0.59706504717441233     
  0.24510984639138958     
 -0.16472987590696167     
 -0.53566740726302009     
 -0.78010307826025393     
 -0.84031157893963382     
 -0.70207422202975500     
 -0.39803679217810473     
  -1.6400690337196626E-017
  0.39803679217810461     
  0.70207422202975500     
  0.84031157893963382     
  0.78010307826025382     
  0.53566740726301976     
  0.16472987590696153     
 -0.24510984639138944     
 -0.59706504717441233     
 -0.80801887621314650     
 -0.82815301068005753     
 -0.65271262429256061     
 -0.32312927506439743     
   8.2763466667038807E-002
  0.46911099739409301     
  0.74467446121599379     
  0.84437748733298568     
  0.74467446121599401     
  0.46911099739409301     
   8.2763466667039112E-002
 -0.32312927506439720     
 -0.65271262429255994     
 -0.82815301068005764     
 -0.80801887621314650     
 -0.59706504717441278     
 -0.24510984639138975     
  0.16472987590696150     
  0.53566740726301987     
  0.78010307826025371     
  0.84031157893963382     
  0.70207422202975522     
  0.39803679217810484     
  -2.0692030466594823E-016
 -0.39409583383970787     
 -0.69512299210866846     
 -0.83199166231646915     
 -0.77237928540619172     
 -0.53036376956734610     
 -0.16309888703659545     
  0.24268301622909874     
  0.59115351205387390     
  0.80001868931994702     
  0.81995347592084900     
  0.64625012306194085     
  0.31992997531128436     
  -8.1944026403008852E-002
 -0.46446633405355764     
 -0.73730144674850895     
 -0.83601731419107495     
 -0.73730144674850862     
 -0.46446633405355719     
  -8.1944026403008810E-002
  0.31992997531128459     
  0.64625012306194074     
  0.81995347592084911     
  0.80001868931994691     
  0.59115351205387356     
  0.24268301622909860     
 -0.16309888703659575     
 -0.53036376956734654     
 -0.77237928540619216     
 -0.83199166231646926     
 -0.69512299210866824     
 -0.39409583383970764     
  -1.6193348176683651E-017
  0.39409583383970753     
  0.69512299210866824     
  0.83199166231646915     
  0.77237928540619194     
  0.53036376956734632     
  0.16309888703659561     
 -0.24268301622909852     
 -0.59115351205387368     
 -0.80001868931994680     
 -0.81995347592084900     
 -0.64625012306194107     
 -0.31992997531128459     
   8.1944026403008685E-002
  0.46446633405355742     
  0.73730144674850873     
  0.83601731419107495     
  0.73730144674850884     
  0.46446633405355742     
   8.1944026403009032E-002
 -0.31992997531128436     
 -0.64625012306194052     
 -0.81995347592084911     
 -0.80001868931994713     
 -0.59115351205387401     
 -0.24268301622909877     
  0.16309888703659559     
  0.53036376956734632     
  0.77237928540619194     
  0.83199166231646926     
  0.69512299210866846     
  0.39409583383970775     
  -2.0152579584125992E-016
 -0.39019389489079981     
 -0.68824058624620632     
 -0.82375412110541490     
 -0.76473196574870461     
 -0.52511264313598627     
 -0.16148404657088658     
  0.24028021408821656     
  0.58530050698403358     
  0.79209771219796754     
  0.81183512467410790     
  0.63985160699202071     
  0.31676235179335077     
  -8.1132699408919720E-002
 -0.45986765747876990     
 -0.73000143242426629     
 -0.82773991504066824     
 -0.73000143242426585     
 -0.45986765747876956     
  -8.1132699408919609E-002
  0.31676235179335110     
  0.63985160699202071     
  0.81183512467410801     
  0.79209771219796732     
  0.58530050698403324     
  0.24028021408821640     
 -0.16148404657088683     
 -0.52511264313598660     
 -0.76473196574870494     
 -0.82375412110541513     
 -0.68824058624620621     
 -0.39019389489079964     
  -1.5968397575064586E-017
  0.39019389489079948     
  0.68824058624620610     
  0.82375412110541490     
  0.76473196574870483     
  0.52511264313598649     
  0.16148404657088675     
 -0.24028021408821634     
 -0.58530050698403335     
 -0.79209771219796732     
 -0.81183512467410790     
 -0.63985160699202093     
 -0.31676235179335099     
   8.1132699408919526E-002
  0.45986765747876968     
  0.73000143242426607     
  0.82773991504066824     
  0.73000143242426607     
  0.45986765747876979     
   8.1132699408919831E-002
 -0.31676235179335088     
 -0.63985160699202048     
 -0.81183512467410801     
 -0.79209771219796754     
 -0.58530050698403369     
 -0.24028021408821656     
  0.16148404657088666     
  0.52511264313598638     
  0.76473196574870472     
  0.82375412110541513     
  0.68824058624620643     
  0.39019389489079975     
  -1.9657432947637638E-016
 -0.38633058900079192     
 -0.68142632301604589     
 -0.81559813970833162     
 -0.75716036212743032     
 -0.51991350805543191     
 -0.15988519462464015     
  0.23790120206754117     
  0.57950545245943919     
  0.78425516059204692     
  0.80379715314268119     
  0.63351644256635709     
  0.31362609088450577     
  -8.0329405355366049E-002
 -0.45531451235521769     
 -0.72277369546957060     
 -0.81954447033729527     
 -0.72277369546957015     
 -0.45531451235521736     
  -8.0329405355365979E-002
  0.31362609088450599     
  0.63351644256635697     
  0.80379715314268108     
  0.78425516059204681     
  0.57950545245943885     
  0.23790120206754098     
 -0.15988519462464046     
 -0.51991350805543235     
 -0.75716036212743065     
 -0.81559813970833162     
 -0.68142632301604567     
 -0.38633058900079165     
  -1.5731729383102004E-017
  0.38633058900079159     
  0.68142632301604567     
  0.81559813970833162     
  0.75716036212743054     
  0.51991350805543213     
  0.15988519462464032     
 -0.23790120206754095     
 -0.57950545245943896     
 -0.78425516059204670     
 -0.80379715314268119     
 -0.63351644256635731     
 -0.31362609088450599     
   8.0329405355365854E-002
  0.45531451235521747     
  0.72277369546957038     
  0.81954447033729527     
  0.72277369546957038     
  0.45531451235521758     
   8.0329405355366201E-002
 -0.31362609088450577     
 -0.63351644256635675     
 -0.80379715314268108     
 -0.78425516059204703     
 -0.57950545245943930     
 -0.23790120206754115     
  0.15988519462464029     
  0.51991350805543213     
  0.75716036212743043     
  0.81559813970833162     
  0.68142632301604589     
  0.38633058900079176     
