  -15.707963267948966     
  -15.217089415825560     
  -14.726215563702155     
  -14.235341711578752     
  -13.744467859455344     
  -13.253594007331939     
  -12.762720155208536     
  -12.271846303085130     
  -11.780972450961723     
  -11.290098598838318     
  -10.799224746714913     
  -10.308350894591509     
  -9.8174770424681039     
  -9.3266031903446986     
  -8.8357293382212934     
  -8.3448554860978881     
  -7.8539816339744828     
  -7.3631077818510775     
  -6.8722339297276722     
  -6.3813600776042678     
  -5.8904862254808616     
  -5.3996123733574564     
  -4.9087385212340520     
  -4.4178646691106467     
  -3.9269908169872414     
  -3.4361169648638361     
  -2.9452431127404308     
  -2.4543692606170260     
  -1.9634954084936207     
  -1.4726215563702154     
 -0.98174770424681035     
 -0.49087385212340517     
   0.0000000000000000     
  0.49087385212340517     
  0.98174770424681035     
   1.4726215563702154     
   1.9634954084936207     
   2.4543692606170260     
   2.9452431127404308     
   3.4361169648638361     
   3.9269908169872414     
   4.4178646691106467     
   4.9087385212340520     
   5.3996123733574564     
   5.8904862254808616     
   6.3813600776042678     
   6.8722339297276722     
   7.3631077818510775     
   7.8539816339744828     
   8.3448554860978881     
   8.8357293382212934     
   9.3266031903446986     
   9.8174770424681039     
   10.308350894591509     
   10.799224746714913     
   11.290098598838318     
   11.780972450961723     
   12.271846303085130     
   12.762720155208536     
   13.253594007331939     
   13.744467859455344     
   14.235341711578752     
   14.726215563702155     
   15.217089415825560     
